Taxa	Dbh	WD	LA	CEL	HCEL	LIG
0-10-18	24.3	0.319				
0-12-34	24.2	0.383	81.53428571	0.417498811	0.17831669	0.219210651
0-16-25	26.1	0.356		0.147234381	0.084361321	0.300039793
0-22-29	27.2	0.348		0.047477745	0.135905045	0.724035608
0-24-21	30.7	0.373		0.519808	0.118447	0.27531
0-28-14	27.5	0.353	57.472	0.598969072	0.191237113	0.126804124
0-28-31	29.7	0.383	88.77916667	0.304822566	0.178343949	0.433424325
0-29-02	29	0.376	53.51625	0.56574	0.220135	0.119459
0-29-32	22.1	0.323	71.498125	0.453603	0.209773	0.28381
0-3-23	32.7	0.317	67.0926087	0.296845	0.184262	0.444488
0-5-41	25	0.352	126.4465	0.374336	0.246424	0.234164
0-7-32	26	0.348				
10-10	31.1	0.39	90.99823529	0.286617	0.202132	0.365969
10-12	31	0.363	52.90307692	0.546249	0.241601	0.073631
10-13	28	0.345		0.255009	0.216151	0.387371
10-14	28	0.343	68.8575	0.393339	0.21134	0.240682
10-15	29.7	0.353		0.431537	0.217565	0.217565
10-16	25.4	0.331		0.447437	0.33565	0.064582
10-17	26.7	0.358	78.63125	0.34814	0.183196	0.297865
10-19	24	0.385		0.281919	0.195801	0.379177
10-2	25.2	0.334	81.0225	0.312775	0.203744	0.343062
10-20	27.3	0.384	71.65125	0.497338	0.20142	0.161047
10-21	28	0.367	108.39625	0.332322	0.200657	0.303513
10-22	23.9	0.313	60.302	0.371612	0.181902	0.268259
10-23	27.5	0.342	104.3007143	0.411481	0.187993	0.255478
10-24	29.2	0.373	110.354	0.430374	0.209607	0.222707
10-25	31	0.379	96.99875	0.369246	0.207313	0.279465
10-29	24.2	0.347	101.4207692	0.363057	0.140996	0.038506
10-3	33.5	0.319	60.05	0.458238	0.200801	0.197368
10-30	31.6	0.399	128.65	0.433712	0.184659	0.230114
10-31	23.8	0.37	93.43666667	0.491053	0.171053	0.192105
10-32	30.4	0.361		0.343012	0.197832	0.315525
10-33	27.4	0.36	87.7	0.333205	0.175472	0.348068
10-34	29.2	0.365	134.835	0.4409	0.195433	0.210208
10-36	22.5	0.353	96.66875	0.269511	0.174325	0.418673
10-37	30.1	0.361	90.77142857	0.286419	0.177357	0.377564
10-38	23.6	0.372	100.0959091	0.379824	0.212789	0.286108
10-39	22.7	0.355	92.23277778	0.339698	0.158711	0.352029
10-4	33.2	0.341	71.87833333	0.544338	0.206912	0.112324
10-40	28.1	0.377	105.745	0.484554	0.147838	0.219771
10-41	25.9	0.417	97.386	0.475441	0.189727	0.19679
10-43	24.7	0.35		0.402762	0.183978	0.268508
10-44	24.2	0.388	80.855625	0.371388	0.160324	0.309373
10-5	30.7	0.322		0.434699	0.227273	0.194302
10-6	27.8	0.354	57.472	0.323501	0.197776	0.344294
10-7	29.6	0.359	76.34	0.24547	0.218012	0.346513
10-8	28.8	0.361	50.75166667	0.495468	0.200691	0.144152
10-9	31.2	0.356	66.918	0.28539	0.197822	0.394737
11-10	32.2	0.338		0.348709	0.24672	0.276344
11-11	31.4	0.368		0.368869	0.257803	0.239157
11-12	31.3	0.346	86.20722222	0.328396	0.250529	0.294541
11-13	27.8	0.334	52.1625	0.496916	0.223348	0.139648
11-14	29.7	0.333	55.658125	0.420345	0.239539	0.221497
11-15	27	0.326		0.500751	0.21976	0.166041
11-16	27.5	0.366		0.518851	0.23474	0.125224
11-17	28	0.347	50.91117647	0.514076	0.218482	0.155447
11-18	27.5	0.352	113.09	0.585903	0.227187	0.073631
11-19	25.5	0.371	149.575	0.385757	0.235081	0.261457
11-2	34.6	0.336		0.547311	0.187883	0.117086
11-20	25.9	0.387	113.5285714	0.421364	0.207727	0.245909
11-21	26.2	0.363		0.360744	0.232749	0.285663
11-22	24.1	0.363		0.422162	0.230597	0.225213
11-23	27.1	0.363		0.567491	0.228269	0.079859
11-24	30.8	0.366	56.69375	0.559285	0.229561	0.103357
11-25	25.2	0.383	65.26222222	0.488364	0.229405	0.153306
11-26	30	0.373	61.7622222	0.520325	0.224932	0.126984
11-27	27.6	0.389	95.975	0.453578	0.244234	0.200473
11-28	28	0.39	95.88714286	0.536036	0.248649	0.113514
11-29	24.2	0.363	100.4853333	0.484993	0.228204	0.177704
11-3	30.3	0.36		0.402274	0.203323	0.264539
11-30	22.4	0.343	92.26875	0.527057	0.240699	0.121759
11-31	26.4	0.403	115.1475	0.413299	0.218601	0.252064
11-32	27.4	0.363	98.165	0.305572	0.241066	0.321623
11-33	20.5	0.373	90.83428571	0.490887	0.217497	0.163629
11-34	31	0.352	92.14125	0.454738	0.216517	0.218105
11-35	27.4	0.362	46.06588235	0.527823	0.225041	0.133797
11-36	25	0.401	121.9278571	0.527397	0.239237	0.120352
11-38	27.6	0.375	76.688125	0.407407	0.243827	0.228395
11-4	26	0.334		0.411435	0.19787	0.247758
11-40	24	0.38	61.31714286	0.466289	0.211014	0.153886
11-41	24	0.37	110.12625	0.253881	0.209132	0.371385
11-42	29.6	0.374	81.5625	0.380905	0.210553	0.261809
11-44	27.8	0.347	101.425	0.387126	0.218042	0.231641
11-45	24.9	0.404	109.239	0.377874	0.230843	0.098659
11-5	27.3	0.351		0.3129	0.180895	0.348627
11-6	32.2	0.349	85.285	0.497839	0.197061	0.194468
11-7	30.8	0.344	78.7075	0.395054	0.175513	0.272618
11-8	31.3	0.35	96.69125	0.404327	0.243193	0.238344
11-9	30.2	0.357		0.532172	0.21403	0.129133
12-10	29.5	0.374		0.508683	0.164255	0.191027
12-11	32.1	0.334				
12-12	27	0.339		0.575	0.184091	0.082955
12-13	25.6	0.356		0.457109	0.179964	0.202759
12-14	30.5	0.365		0.590058	0.174352	0.092939
12-15	29.2	0.382	122.151	0.370409	0.19972	0.282966
12-16	28.5	0.366	60.31692308	0.376414	0.198708	0.273926
12-17	29.5	0.382	54.54357143	0.391076	0.196267	0.249635
12-18	25.5	0.345		0.473462	0.173791	0.197745
12-19	25	0.416		0.484733	0.19084	0.175573
12-2	31.5	0.371	71.33625	0.309264	0.167221	0.35772
12-20	24.5	0.395		0.507937	0.205514	0.123225
12-21	28.7	0.366		0.528257	0.19519	0.140281
12-22	29.7	0.385		0.412638	0.213978	0.233126
12-23	28.7	0.363	69.596	0.508691	0.197342	0.156442
12-25	20	0.347	88.70928571	0.375428	0.19437	0.267022
12-26	26.7	0.342	84.02857143	0.576142	0.191878	0.087817
12-28	23.8	0.384	97.308125	0.486231	0.188828	0.214792
12-3	33.2	0.39	76.14909091	0.568407	0.162591	0.135492
12-30						
12-31	29.1	0.399	94.74166667	0.37592	0.185594	0.253943
12-32	25.3	0.406	100.8716667	0.380858	0.169579	0.291501
12-33	25.21	0.361	90.08285714	0.391667	0.175926	0.259259
12-35	25.1	0.394	81.53428571	0.410993	0.169504	0.231915
12-36	28.9	0.376		0.306369	0.178522	0.323106
12-37	23.8	0.383		0.297504	0.17677	0.343861
12-38	24.5	0.398		0.331712	0.192835	0.307828
12-39	27	0.376		0.336167	0.19677	0.306842
12-4	30.5	0.397	49.771875	0.551052	0.201642	0.091329
12-40	21.2	0.343	69.96625	0.303328	0.162632	0.37292
12-41	27	0.383	115.003	0.404285	0.1783	0.284727
12-43	28.9	0.362	104.97	0.216438	0.157991	0.470776
12-44	19.5	0.383	89.12416667	0.41133	0.161946	0.048645
12-45	22	0.381	63.65428571	0.280374	0.163259	0.403329
12-5	29.5	0.368	58.39857143	0.47518	0.190953	0.180544
12-6	27	0.371		0.524597	0.187903	0.131855
12-7	26.9	0.369				
12-8	27.1	0.385		0.584721	0.157689	0.123408
12-9	26.6	0.35		0.311822	0.206512	0.324142
13-10	28.6	0.387	63.3075	0.284062	0.188034	0.38914
13-11	30.5	0.328		0.248785	0.167035	0.401679
13-12	27.8	0.36		0.369281	0.170401	0.307656
13-13	26.8	0.389		0.410128	0.175849	0.277685
13-14	29.6	0.371	74.49	0.51199	0.181321	0.161548
13-15	30.7	0.372	72.77666667	0.145609	0.170759	0.535442
13-16	33.2	0.444	116.3	0.399004	0.160028	0.284495
13-19	26.7	0.394	95.31142857	0.212775	0.171298	0.404397
13-2	29.4	0.356	53.886875	0.353812	0.182117	0.272628
13-20	25.4	0.402		0.410931	0.15334	0.305162
13-21	26.7	0.404	54.94214286	0.343183	0.245673	0.294639
13-22	24.8	0.381		0.391238	0.22019	0.269333
13-23	26.2	0.408		0.392232	0.201447	0.263138
13-24	33	0.372	84.576	0.329096	0.227401	0.332392
13-26	34.2	0.407		0.230747	0.233992	0.425494
13-27	27.7	0.396	89.82125	0.589066	0.216216	0.090909
13-28	28.3	0.413	58.53466667	0.492639	0.237259	0.157984
13-29	27.9	0.373	73.86166667	0.40566	0.20537	0.267779
13-3	26.9	0.352		0.204171	0.178468	0.401552
13-30	26.5	0.41		0.418151	0.238762	0.214165
13-31	32.3	0.379	120.2883333	0.426491	0.245655	0.221231
13-32	20.4	0.381	103.8358333	0.388281	0.235938	0.258594
13-33	29.7	0.424	93.26166667	0.460557	0.256381	0.171114
13-34	26.6	0.385	80.738125	0.47419	0.22449	0.189276
13-35	30.2	0.429	90.96583333	0.311784	0.225126	0.314535
13-37	27.3	0.412	70.5607129	0.447569	0.209247	0.246902
13-38	29.9	0.4	52.901	0.246353	0.216075	0.396917
13-39	25	0.415	86.87529412	0.363985	0.214559	0.294636
13-4	28.1	0.34		0.366938	0.174389	0.288666
13-40	27.8	0.383	89.460625	0.287124	0.212203	0.389412
13-42	29.3	0.399	90.924	0.368699	0.206911	0.312602
13-43	24.5	0.382	93.2833333	0.417883	0.202555	0.267032
13-44	20.7	0.326	77.60571429	0.474345	0.207969	0.204694
13-45	30.4	0.418	102.0428571	0.256041	0.201481	0.417381
13-5	26.4	0.338		0.423167	0.167317	0.175507
13-6	33.2	0.364	66.77384615	0.304673	0.167601	0.272897
13-7	33.9	0.382	66.85363636	0.417932	0.147196	0.136098
13-8						
13-9	35.9	0.362	75.56375	0.34148	0.174757	0.303649
14-10	30	0.386		0.352941	0.217367	0.316527
14-11	13.5	0.334	78.96142857			
14-12	29.6	0.398		0.398532	0.152418	0.364853
14-13	19.2	0.3		0.505952	0.144231	0.276099
14-14	31.4	0.363	82.05			
14-15	31.5	0.374	65.66875	0.351153	0.146641	0.39284
14-16	25	0.353		0.527804	0.146432	0.210843
14-17	27.2	0.362		0.528011	0.133987	0.248833
14-18	26.8	0.382	72.19642857	0.431714	0.139642	0.350384
14-19	28.2	0.374		0.215502	0.103047	0.464606
14-2	30	0.353	72.3435	0.549313	0.200837	0.127914
14-20	27.4	0.369		0.249706	0.130724	0.528376
14-21	30.2	0.37	81.29642857	0.579636	0.15529	0.188282
14-22	26.7	0.379		0.366788	0.241484	0.337591
14-23	31.7	0.385		0.422316	0.177564	0.316137
14-26	28.4	0.393	78.9375	0.22306	0.127514	0.537716
14-27	32	0.487	74.029			
14-28	25.2	0.37		0.550613	0.123722	0.22546
14-3	32.9	0.385		0.538002	0.222886	0.131085
14-30	32.7	0.433	61.075	0.610063	0.199371	0.099371
14-31	32.4	0.355	89.6375	0.492921	0.120608	0.29785
14-32	25.5	0.405		0.372293	0.10941	0.416729
14-33	27.1	0.377		0.402056	0.142684	0.29867
14-34	25.9	0.361	72.23416667	0.413315	0.137623	0.346291
14-35	33.4	0.353		0.289903	0.130593	0.4737
14-37	34.2	0.395	81.95	0.550802	0.141711	0.229278
14-39	35.2	0.369		0.34902	0.182353	0.422876
14-4	30.4	0.333		0.290577	0.225405	0.373599
14-40	24.2	0.39	94.05875	0.153534	0.145423	0.630359
14-41	30.3	0.371	73.48592593			
14-42	21.7	0.377				
14-43	25.1	0.315	73.440625	0.487884	0.143989	0.293569
14-44	29.3	0.405		0.487081	0.154545	0.282297
14-45	25.5	0.381		0.431057	0.119617	0.363636
14-5	31.4	0.339		0.370011	0.27138	0.258267
14-6	34	0.317		0.334021	0.240798	0.292054
14-7	26.9	0.371				
14-8	25.9	0.355		0.133041	0.246101	0.451998
14-9	26.5	0.345		0.385709	0.208843	0.299645
15-10	26.7	0.314		0.454728	0.138622	0.315705
15-11	29.3	0.351		0.269213	0.163711	0.494316
15-12	28.2	0.334		0.427109	0.160934	0.348894
15-13	25.9	0.32		0.376092	0.152502	0.42772
15-14	29.5	0.379		0.198774	0.677901	0.057066
15-15	28.3	0.378		0.258621	0.14616	0.523903
15-16	27.9	0.38		0.188532	0.230275	0.547248
15-17	27.1	0.406		0.311821	0.14893	0.434378
15-18	31.2	0.341		0.53711	0.141853	0.231006
15-19	26.4	0.357		0.458226	0.206288	0.284668
15-2	32.4	0.403	89.80263158	0.474561	0.116667	0.327193
15-20	26.4	0.362		0.331546	0.200825	0.322474
15-21	18	0.352		0.218902	0.134816	0.57123
15-22	28.2	0.397		0.203163	0.145377	0.5809
15-23	29.5	0.375		0.661888	0.211073	0.071676
15-24	30.5	0.346		0.458922	0.146341	0.318357
15-25	31.2	0.392		0.248171	0.170512	0.532921
15-26	30.1	0.37		0.338796	0.134909	0.447027
15-27	27.7	0.361	70.379	0.478032	0.115114	0.338313
15-28	28.2	0.383		0.475265	0.125883	0.314929
15-3	34.7	0.376		0.424933	0.130027	0.373548
15-30	32	0.416		0.534741	0.158038	0.262262
15-31	26.8	0.368		0.651802	0.17471	0.114844
15-32	25	0.363	87.13625	0.408891	0.127753	0.377653
15-33	29.9	0.374		0.521839	0.180843	0.272797
15-34	27	0.376		0.316393	0.146733	0.454337
15-35	30.5	0.359		0.448698	0.179939	0.285988
15-36	30.7	0.367	86.6725	0.408817	0.154107	0.363602
15-38	30.9	0.389	86.5225	0.282669	0.120014	0.524415
15-39	17.9	0.328	90.03666667	0.65655	0.194089	0.107029
15-4	31.9	0.388	83.680625	0.536102	0.124587	0.2605
15-40	22.8	0.304	80.734375	0.490521	0.203791	0.245024
15-41	30.9	0.356	104.88	0.371825	0.3101	0.227998
15-42	29.4	0.359		0.179477	0.182989	0.58135
15-43	29.1	0.379	64.269375	0.413129	0.154048	0.249891
15-45	32.1	0.38		0.553914	0.101259	0.281336
15-5	32.3	0.329	80.61375	0.540137	0.121344	0.264468
15-6	32.5	0.348		0.417558	0.119302	0.384356
15-7	29.7	0.397				
15-9	32.9	0.395	46.52615385	0.570916	0.159785	0.205117
16-11	32.3	0.324		0.443923	0.162954	0.042986
16-12	33.2	0.366	68.455	0.675197	0.208661	0.098425
16-13	29.7	0.369		0.309186	0.120838	0.476264
16-14	27.9	0.366		0.307259	0.115363	0.47327
16-15	29.5	0.363		0.668719	0.119194	0.087857
16-17	30.5	0.332		0.465865	0.141971	0.201319
16-18	26.5	0.361		0.350276	0.150906	0.457447
16-19	32.8	0.35	75.66555556	0.31983	0.099388	0.490815
16-2	31.8	0.319	68.901	0.241248	0.162801	0.551244
16-20	29	0.384		0.27682	0.147244	0.525032
16-21	28.7	0.354		0.369012	0.161416	0.41476
16-22	30	0.368		0.438267	0.13093	0.358065
16-23	30.8	0.343	80.99285714	0.349583	0.181818	0.242863
16-24	23.2	0.398		0.43772	0.155018	0.321749
16-26	26.8	0.362		0.3462	0.084361	0.101074
16-27	23.8	0.357	63.1875	0.569844	0.15037	0.028759
16-28	32.9	0.363	63.1875	0.514449	0.171707	0.166331
16-29	23.1	0.318	86.50916667	0.694793	0.15188	0.092575
16-30	31.3	0.39	63.475	0.344131	0.1565	0.40387
16-31	28.5	0.356		0.334435	0.182819	0.393906
16-32	25	0.375	64.05214286	0.260029	0.19478	0.457226
16-33	30	0.351	53.72928571	0.390858	0.207711	0.315299
16-34	29.6	0.366	58.046	0.292033	0.161951	0.453008
16-35	23.4	0.346	40.11642857	0.42299	0.140496	0.324944
16-36	28.7	0.375	76.82428571	0.375437	0.160839	0.363199
16-37	27.6	0.361	63.88083333	0.267989	0.140551	0.505044
16-38	29.5	0.382	77.61928571	0.686011	0.19573	0.02847
16-39	4.6					
16-4	28.6	0.343		0.2	0.12449	0.437415
16-40	29.8	0.37	126.314	0.425752	0.164776	0.320178
16-42	35	0.392	73.17214286	0.450223	0.171372	0.305102
16-44	27.6	0.364		0.286787	0.167477	0.486522
16-45	25.1	0.35	91.943	0.551356	0.208982	0.151623
16-5	32.8	0.301		0.451749	0.206282	0.129534
16-6	31.8	0.386		0.358586	0.105601	0.471993
16-7	29.8	0.345		0.527444	0.161004	0.151594
16-8	27.5	0.395		0.416766	0.173653	0.382036
16-9	31	0.326	53.90125	0.347107	0.430238	0.076811
17-10	28.7	0.321		0.370431	0.187652	0.35987
17-11	28	0.366		0.321354	0.185541	0.444212
17-12	28.3	0.348		0.36712	0.153295	0.371418
17-13	27.8	0.351		0.431837	0.170204	0.295102
17-14	29.2	0.349		0.266879	0.192357	0.454777
17-15	32.9	0.38		0.415553	0.144561	0.367844
17-16	29.7	0.354		0.37276	0.152927	0.40681
17-17	27	0.357		0.583333	0.198351	0.128038
17-18	28.7	0.352		0.469023	0.208102	0.251787
17-19	28.3	0.314		0.339949	0.097023	0.470415
17-2	29.2	0.334	65.63125	0.324371	0.171726	0.404597
17-20	35	0.379	81.505625	0.285229	0.163667	0.479796
17-22	31.9	0.379	71.832	0.143919	0.134533	0.657802
17-23	28.7	0.358		0.620187	0.167534	0.159209
17-24	35	0.363	57.53555556	0.354954	0.109033	0.470354
17-25	30	0.376	77.66714286	0.664261	0.191851	0.059423
17-26	34.7	0.413	58.37375	0.192817	0.130056	0.59484
17-28	28	0.358		0.385607	0.161117	0.404941
17-29	26	0.359	52.991	0.448964	0.138052	0.356668
17-3	31	0.32	65.76888889	0.398318	0.149764	0.346821
17-30	27.3	0.373		0.487715	0.097176	0.346535
17-31	27.2	0.36		0.379042	0.073627	0.490456
17-32	25.5	0.367		0.342143	0.137581	0.449674
17-34	31.3	0.403	77.3955	0.322289	0.135207	0.47925
17-35	23.1	0.373	44.693	0.380375	0.101801	0.452407
17-36	27.3	0.348		0.329247	0.112434	0.496322
17-37	29.5	0.392	79.735	0.355293	0.148515	0.447829
17-4	29.6	0.336	52.739	0.342433	0.183059	0.370935
17-42	27.9	0.382	86.62166667	0.438339	0.114367	0.363451
17-43	29.6	0.385	88.85	0.371229	0.137233	0.405445
17-44	31.8	0.349	91.13083333	0.325755	0.38278	0.216176
17-45	29.3	0.381	81.27294118	0.359684	0.153755	0.406324
17-5	31	0.331	61.814375	0.266251	0.219501	0.458148
17-6	26.4	0.346		0.342443	0.153171	0.413293
17-7	28.6	0.342		0.183434	0.185655	0.54808
17-8	31	0.369		0.600854	0.168011	0.170384
17-9	24.7	0.335		0.194724	0.139447	0.596315
18-10	29	0.333		0.397751	0.088545	0.430077
18-11	31.7	0.362		0.589965	0.159655	0.181956
18-12	27	0.353		0.477657	0.130586	0.299783
18-13	27.5	0.372		0.352993	0.068152	0.322848
18-14	25.6	0.361		0.311956	0.242785	0.392121
18-15	30.6	0.369		0.564103	0.142352	0.237843
18-18	30.5	0.408		0.543139	0.131471	0.26212
18-19	28	0.338		0.478144	0.141932	0.314085
18-2	35.6	0.35	83.76625	0.632732	0.098368	0.214347
18-20	32.3	0.35	79.02416667	0.630748	0.162663	0.187371
18-21	29	0.38		0.290578	0.146873	0.485748
18-22	24.3	0.35		0.330246	0.140007	0.448878
18-23	31.5	0.389		0.505376	0.130515	0.288469
18-24	26	0.372		0.477355	0.105072	0.34058
18-25	24.8	0.378		0.455065	0.110703	0.356209
18-26	33.4	0.36	66.8475	0.495572	0.126812	0.281401
18-29	35.5	0.364	57.45714286	0.574727	0.151883	0.194411
18-3	22.7	0.333	67.156	0.223146	0.172557	0.546085
18-30	8.5					
18-31	31.3	0.355	42.524375	0.30546	0.151992	0.474668
18-32	27.3	0.374		0.640134	0.127759	0.189967
18-33	24.6	0.366	111.36375	0.348816	0.114259	0.453785
18-34	24.3	0.367	68.286	0.51716	0.121467	0.280956
18-35	24.7	0.338	86.67090909	0.308223	0.154974	0.457159
18-36	26.3	0.358		0.223315	0.148057	0.58485
18-37	26.4	0.403	78.24375	0.566806	0.126423	0.245656
18-39	29.3	0.39		0.598477	0.126768	0.209467
18-4	31.4	0.353		0.489714	0.132715	0.300524
18-40	29.8	0.402	60.98333333	0.524441	0.055168	0.335196
18-41	25	0.377		0.48645	0.11506	0.319414
18-42	32	0.358	83.65230769	0.469546	0.142635	0.318832
18-44	29.7	0.404	51.300625	0.482788	0.129622	0.332342
18-45	29	0.34		0.437215	0.120597	0.353502
18-5	27	0.392				
18-6	32	0.404		0.439258	0.137468	0.367008
18-7	30.9	0.365		0.23748	0.156886	0.535994
18-8	28	0.355		0.376733	0.123267	0.440594
18-9	28.7	0.384		0.222746	0.142558	0.589623
19-11	32.9	0.343		0.588433	0.13694	0.189925
19-12	27.1	0.391		0.610164	0.080717	0.242152
19-13	29.2	0.332		0.687303	0.055205	0.175079
19-14	32.3	0.347		0.728239	0.100411	0.104181
19-15	30.7	0.357				
19-16	33.3	0.364		0.681668	0.131713	0.10021
19-17	29.3	0.377				
19-18	29.1	0.394				
19-19	33.1	0.332		0.637266	0.135806	0.148364
19-2	32.3	0.376		0.295619	0.125749	0.499842
19-20	32	0.365		0.683152	0.116576	0.119565
19-21	29	0.357		0.690364	0.115632	0.12848
19-22	34.4	0.353	55.94333333	0.71754	0.111617	0.128702
19-23	25.7	0.371		0.694702	0.088079	0.152318
19-24	31.8	0.362		0.578082	0.080626	0.272407
19-25	29.6	0.353				
19-26	31.3	0.352		0.731982	0.125375	0.093468
19-27	26.1	0.346				
19-28	31.8	0.351		0.675117	0.102973	0.138967
19-29	28.7	0.365	108.89875			
19-3	35	0.392	80.94882353	0.715107	0.110427	0.106732
19-30	29.5	0.375		0.666559	0.114489	0.1326
19-31	31.4	0.361				
19-32	30.2	0.365		0.617656	0.067792	0.234107
19-33	32.9	0.37		0.652144	0.106535	0.185841
19-34	27.9	0.368		0.203567	0.425359	0.288872
19-35	35.3	0.338	69.8725	0.382147	0.151842	0.43615
19-38	36.6	0.368	60.035	0.311937	0.222863	0.452939
19-4	35.2	0.352	62.33571429	0.720231	0.066667	0.127168
19-40	30.1	0.346	77.00714286	0.315305	0.178422	0.452746
19-41	28.2	0.403	61.165	0.474551	0.236153	0.197231
19-42	31.3	0.365		0.354839	0.143845	0.45293
19-43	30	0.387	81.795	0.393701	0.122703	0.441601
19-44	24.9	0.403		0.606397	0.142603	0.206575
19-45	31.2	0.375		0.239724	0.187034	0.509517
19-5	31.3	0.367		0.706975	0.109781	0.099463
19-6	33.4	0.358		0.655259	0.076729	0.173271
19-7	32.1	0.375		0.62957	0.085175	0.205705
19-8	32.2	0.346		0.707089	0.122604	0.125724
19-9	35.2	0.357		0.685522	0.058923	0.171717
2-10	27.5	0.312		0.425036	0.148025	0.257972
2-11	26.5	0.332				
2-12	29	0.307		0.43083	0.152174	0.267787
2-13	25.5	0.31		0.448548	0.144264	0.232398
2-14	26.5	0.344	51.4573333	0.383398	0.117833	0.17165
2-15	28	0.311		0.45879	0.154935	0.314114
2-16	23.4	0.335	45.73142857			
2-17	26.2	0.361	43.59125	0.410268	0.14602	0.284032
2-18	25	0.334		0.390471	0.191676	0.508762
2-19	31.6	0.311	85.646875			
2-2	29	0.327	53.10193548	0.402418	0.158895	0.364421
2-20	27.7	0.299	69.975	0.449701	0.133211	0.101975
2-21	27.7	0.365	83.27095238	0.467285	0.167517	0.299304
2-22	27.1	0.337		0.421506	0.143376	0.206897
2-23	32.5	0.379		0.257713	0.209619	0.453267
2-24	24.8	0.35	90.524375	0.522913	0.172668	0.237316
2-25	31.3	0.35		0.575021	0.172712	0.169002
2-26	25.8	0.355	80.251	0.502156	0.149353	0.27009
2-27	28.8	0.378		0.549405	0.161924	0.226591
2-28	27.2	0.339		0.595209	0.163156	0.161917
2-29	23.3	0.367	74.246875	0.524338	0.243993	0.16451
2-3	28	0.355	53.9975	0.587575	0.175582	0.164366
2-30	25.5	0.38		0.407157	0.153772	0.334139
2-31	23.9	0.394	93.18060606	0.312719	0.183975	0.437962
2-32	23.9	0.394	39.39722222	0.452144	0.152044	0.326022
2-33	25.7	0.365	64.84041667	0.330677	0.14575	0.425631
2-34	23	0.411	85.5966667	0.474736	0.154359	0.24653
2-35	25.2	0.393	90.469375	0.341397	0.25673	0.273117
2-36	25.6	0.364	56.19909091	0.35477	0.147785	0.398637
2-37	27.4	0.367	92.01875	0.374487	0.142141	0.406378
2-38	23.4	0.353	72.20014286	0.281954	0.202664	0.411354
2-39	23.1	0.399	84.98035714	0.440476	0.217087	0.241597
2-4	28.5	0.334	44.7655	0.486499	0.052866	0.283752
2-40	21.6	0.334		0.491768	0.155072	0.277748
2-42	25.9	0.383	90.62666667	0.500413	0.168456	0.23493
2-43	27.2	0.371	64.09	0.368421	0.164474	0.388628
2-44	22.1	0.351	45.33166667	0.495575	0.217155	0.19401
2-6	28.5	0.317	53.64375	0.404797	0.137543	0.20607
2-7	27	0.328	47.35666667	0.405762	0.203125	0.323242
2-8	25.5	0.325	61.6004			
2-9	26	0.321	60.02375	0.41756	0.148545	0.277182
20-10	21.5	0.321	95.44714286	0.427783	0.122355	0.390371
20-11	30.4	0.379		0.534463	0.109229	0.320678
20-12	29.7	0.334	62.991	0.393424	0.162132	0.397203
20-13	25	0.374		0.564944	0.15191	0.245843
20-14	27.5	0.489		0.366831	0.119714	0.439868
20-15	28	0.37		0.549289	0.151423	0.257622
20-16	31.5	0.371		0.304458	0.184125	0.463574
20-17	23.5	0.384		0.305385	0.153715	0.501704
20-18	27.5	0.423		0.536901	0.161416	0.273198
20-19	27.8	0.356	60.513125	0.447271	0.165342	0.36301
20-2	33	0.382	76.733125	0.388004	0.316164	0.233141
20-20	27.5	0.346		0.369498	0.184556	0.404247
20-21	30.1	0.356		0.626897	0.171034	0.189655
20-22	25.2	0.372		0.239242	0.145282	0.554283
20-23	29.6	0.361		0.431994	0.118624	0.33153
20-24	29.7	0.341		0.545908	0.134731	0.242515
20-25	28	0.388		0.684871	0.123666	0.15317
20-26	29	0.393		0.584861	0.095201	0.25478
20-27	28.6	0.362		0.332641	0.161128	0.437685
20-28	26.8	0.347	129.5445455	0.517847	0.156374	0.287252
20-29	24.8	0.371		0.594247	0.128519	0.223378
20-3	30.2	0.353	73.225625	0.35588	0.172414	0.446065
20-30	28.6	0.329	115.06375	0.645631	0.131415	0.15534
20-31	30.7	0.387		0.259737	0.472401	0.154665
20-32	18	0.332	41.405625	0.464016	0.11699	0.32698
20-33	27	0.37	58.79916667	0.448571	0.128163	0.365306
20-34	29	0.362		0.430124	0.130011	0.355939
20-35	25	0.377	55.0775	0.395825	0.15321	0.396219
20-36	27.7	0.374		0.319349	0.126944	0.488246
20-37	29.3	0.359	56.754375	0.522467	0.116207	0.286024
20-38	20	0.318	74.43928571	0.437437	0.073663	0.404137
20-39	29.6	0.392	61.40647059	0.655317	0.138714	0.123581
20-4	28.9	0.397	72.8035	0.360528	0.180433	0.409953
20-41	28.7	0.361	57.904375	0.18365	0.083301	0.639675
20-42	29	0.395	75.2325	0.486205	0.090742	0.372164
20-43	28.2	0.405	63.5025	0.636289	0.1289	0.203612
20-44	27.8	0.366		0.634461	0.133655	0.158347
20-45	27.7	0.388	106.748	0.521339	0.13329	0.27413
20-5	25.9	0.31		0.269297	0.192967	0.481561
20-7	29.4	0.375		0.637795	0.145932	0.180052
20-8	25.1	0.327	69.54166667	0.262132	0.183673	0.506122
20-9	30.2	0.361		0.404186	0.159535	0.303721
21-10	33.3	0.372	73.79928571	0.360175	0.15387	0.391698
21-11	27.2	0.356		0.574666	0.16502	0.202208
21-12	31.2	0.353		0.477881	0.176046	0.263316
21-13	28.5	0.351		0.660392	0.143449	0.117846
21-14	31	0.343		0.566385	0.180737	0.196853
21-15	27.1	0.376		0.584601	0.183034	0.147994
21-16	27.3	0.366		0.433022	0.23231	0.283489
21-17	25.3	0.36		0.673528	0.171676	0.081103
21-18	29	0.334		0.254173	0.166299	0.510866
21-19	24.6	0.344	61.77611111	0.437461	0.128173	0.35356
21-2	32.9	0.343	55.02	0.46802	0.124539	0.326876
21-20	31.3	0.347		0.524343	0.111003	0.244401
21-21	26.2	0.333		0.33912	0.17284	0.441358
21-22	26.8	0.346		0.402185	0.168658	0.356094
21-23	30.5	0.347		0.521013	0.139896	0.266552
21-24	26.7	0.393		0.43007	0.131556	0.361888
21-25	25.4	0.4		0.465049	0.203549	0.264759
21-26	28.4	0.388		0.638756	0.142344	0.16866
21-27	30.7	0.374		0.520185	0.14792	0.249307
21-28	28.8	0.4		0.41037	0.138074	0.368296
21-3	26.7	0.374		0.313681	0.087309	0.508551
21-30	26.2	0.378		0.450207	0.155576	0.327214
21-31	27.4	0.373		0.577465	0.167058	0.204225
21-32	28.9	0.375		0.50357	0.183536	0.267535
21-33	30.7	0.369		0.508141	0.164953	0.258355
21-35	29.2	0.394	81.79285714	0.324138	0.144562	0.386737
21-36	22.5	0.367	64.33	0.696392	0.140231	0.123213
21-37	20.5	0.356	68.23928571	0.603613	0.167587	0.175615
21-38	28.3	0.403	58.38416667	0.502388	0.184336	0.261223
21-39	27.1	0.382	81.19375	0.426835	0.14416	0.350847
21-4	34.2	0.352	71.619375	0.301881	0.136545	0.495154
21-40	28.4	0.415	97.41	0.361658	0.178929	0.357168
21-41	24.8	0.377	64.384375	0.544386	0.158834	0.204091
21-43	27.6	0.399	45.469	0.358838	0.224697	0.368523
21-44	25.5	0.364		0.343532	0.211754	0.334747
21-45	24	0.403	63.245			
21-5	28.5	0.383		0.618166	0.16229	0.163151
21-6	27	0.36		0.282191	0.141458	0.495829
21-7	29.1	0.352		0.413095	0.127778	0.380556
21-8	29.2	0.403		0.436298	0.082933	0.394231
21-9	32.8	0.368		0.57004	0.090745	0.265754
22-10	26.8	0.371		0.260922	0.149676	0.48665
22-11	23	0.309	66.98928571	0.360024	0.19635	0.356491
22-12	27.8	0.381		0.251724	0.167672	0.457759
22-13	31.8	0.373	49.12583333	0.373466	0.211609	0.34063
22-14	26.7	0.376		0.318391	0.170709	0.432607
22-15	29.6	0.366	60.33625	0.200114	0.16443	0.508421
22-16	28.8	0.354		0.709295	0.142386	0.085036
22-17	30.8	0.347	62.457	0.272381	0.125079	0.510159
22-18	31	0.363		0.568862	0.148204	0.225549
22-19	29.5	0.359		0.431163	0.13207	0.372999
22-2	32.6	0.371	66.59375	0.385506	0.199477	0.364214
22-20	31.4	0.337		0.282015	0.164952	0.496275
22-21	30.4	0.348		0.319568	0.115785	0.47279
22-22	27.8	0.356		0.411447	0.201944	0.333333
22-23	33.5	0.349	42.94214286	0.465334	0.193312	0.279772
22-24	27	0.382		0.155232	0.158697	0.479556
22-25	31.2	0.374		0.193745	0.197807	0.564175
22-27	28.5	0.395		0.492477	0.158194	0.204555
22-28	26.7	0.38				
22-3	30.4	0.377	53.07785714	0.417866	0.192633	0.304826
22-30	29.1	0.357		0.443126	0.109211	0.371947
22-32	25.4	0.37	90.59125	0.398911	0.054432	0.433904
22-33	28	0.38	129.5445455	0.469455	0.176347	0.317183
22-34	28.3	0.385		0.539581	0.199401	0.209243
22-35	29.4	0.354		0.320842	0.209493	0.42434
22-36	26.4	0.351	98.85857143	0.45369	0.18433	0.330094
22-4	23	0.336	45.1025	0.254191	0.174642	0.526973
22-42	31.4	0.413	65.9577778	0.355743	0.151342	0.470907
22-43	26	0.379		0.46671	0.149478	0.259138
22-44	29.7	0.376	99.616875	0.392603	0.075616	0.46
22-45	24.4	0.385		0.375599	0.068349	0.509422
22-5	32.4	0.337		0.31666	0.192989	0.390705
22-6	29.6	0.376		0.307056	0.213415	0.353659
22-7	29.5	0.365		0.341695	0.165336	0.374762
22-8	28.2	0.361		0.172073	0.242991	0.498626
22-9	30	0.343		0.335115	0.181704	0.372839
23-10	22.4	0.381		0.352515	0.102787	0.47376
23-11	26.8	0.37		0.397398	0.126394	0.470632
23-12	25.4	0.355	71.439	0.39195	0.092492	0.491293
23-13	27.2	0.354		0.531044	0.170243	0.255794
23-14	33	0.363		0.503149	0.239328	0.19944
23-15	29	0.375		0.397168	0.238705	0.283884
23-16	23.9	0.339	47.64928571	0.545455	0.052033	0.270335
23-17	26.5	0.388		0.444554	0.1	0.361386
23-18	27	0.373		0.40422	0.116602	0.390339
23-19	28.7	0.359		0.572513	0.085582	0.251686
23-20	27.5	0.36		0.512847	0.16444	0.305584
23-21	26	0.373		0.734311	0.125102	0.103912
23-22	26.9	0.372	44.50571429	0.551746	0.188228	0.250323
23-23	30	0.366		0.610827	0.171909	0.182151
23-25	30	0.398		0.610609	0.247178	0.17833
23-26	26.3	0.311	60.13583333	0.616216	0.15045	0.223423
23-27	27.4	0.394		0.339835	0.168595	0.418512
23-28	25.5	0.383	63.70666667	0.320611	0.117775	0.51036
23-29	25.7	0.382		0.355932	0.117315	0.449983
23-3	31.3	0.377	101.2491667	0.467395	0.082129	0.366937
23-30	21.7	0.398	101.211875	0.48386	0.138534	0.293208
23-31	26.2	0.387		0.618474	0.140562	0.202524
23-32	27.6	0.395		0.207218	0.160602	0.560602
23-33	24.2	0.372	78.54875	0.522099	0.13628	0.276243
23-34	31.1	0.35	127.370833	0.209382	0.123952	0.587788
23-38	32.2	0.401	113.434	0.515266	0.142618	0.268089
23-40	26.3	0.403	102.6028571	0.24556	0.181172	0.525311
23-41	28.5	0.374	53.44214286	0.41859	0.183974	0.39359
23-43	27.9	0.354	105.7708333	0.43356	0.211445	0.325897
23-44	26.1	0.385		0.317257	0.178761	0.440708
23-45	25.7	0.372	96.56642857	0.567158	0.055002	0.30291
23-5	24.5	0.391		0.248879	0.100897	0.534753
23-6	30.9	0.34		0.379734	0.122591	0.447841
23-7	28.2	0.38		0.358324	0.11188	0.455594
23-8	28	0.372		0.406485	0.091058	0.440223
23-9	26.5	0.35	101.1383333	0.201474	0.250614	0.37674
24-10	28.2	0.359		0.583374	0.131948	0.231996
24-11	29	0.337	77.065	0.490823	0.140041	0.32291
24-12	26.3	0.357		0.600571	0.157487	0.175439
24-13	31.6	0.361		0.510267	0.168539	0.261139
24-14	20.7	0.367		0.490042	0.134581	0.333132
24-15	30	0.388		0.418964	0.087088	0.405514
24-16	30.5	0.364		0.735205	0.123672	0.053869
24-17	25.9	0.366		0.268577	0.136526	0.508505
24-18	31.1	0.348		0.270655	0.132835	0.516026
24-19	31.9	0.343	104.858333	0.373089	0.176258	0.371977
24-2	32.7	0.375	62.4377778	0.551186	0.190862	0.22325
24-20	28.4	0.333		0.563073	0.151462	0.193365
24-22	31	0.337		0.237127	0.159238	0.543488
24-23	33.6	0.362		0.25341	0.102948	0.552134
24-24	30.5	0.376	53.51	0.351598	0.10274	0.465373
24-25	26	0.369		0.649762	0.094559	0.172213
24-26	29.7	0.371		0.255945	0.125165	0.535007
24-28	25.8	0.397	84.72833333	0.360192	0.154916	0.42446
24-29	25.8	0.394		0.375827	0.06374	0.472038
24-3	32.3	0.368		0.425081	0.137351	0.378936
24-30	30.4	0.341	109.6707143	0.322337	0.149008	0.446184
24-31	26.3	0.348		0.21916	0.146982	0.53937
24-32	27.6	0.341	87.45333333	0.252783	0.12987	0.544063
24-33	32.4	0.406	66.5366667	0.493963	0.124409	0.302362
24-34	28.8	0.336	76.48916667	0.275104	0.151867	0.504564
24-35	29	0.401	120.0183333	0.230536	0.113179	0.584504
24-36	31.3	0.386	65.04125	0.336168	0.125698	0.456816
24-4	33.5	0.409		0.400215	0.115937	0.386576
24-40	25.5	0.409	93.2446667			
24-41	26.2	0.419	58.8566667			
24-42	28	0.363	106.4525	0.255748	0.142677	0.524094
24-43	24.5	0.37				
24-44	27.5	0.399		0.352279	0.206349	0.390169
24-45	25.9	0.398		0.591418	0.143035	0.195274
24-5	25.6	0.353		0.63515	0.127671	0.145833
24-6	25.4	0.354	69.346875	0.271028	0.113054	0.539644
24-7	33.1	0.347		0.419706	0.083438	0.416352
24-8	28.4	0.369		0.474515	0.165858	0.285194
24-9	29.4	0.298		0.339562	0.186418	0.433911
25-10	28.8	0.3		0.202996	0.139326	0.558801
25-11	29.3	0.369		0.642717	0.099282	0.143697
25-12	26.6	0.37		0.475031	0.120856	0.305078
25-13	30.5	0.388		0.261288	0.137124	0.491639
25-14	28.4	0.296		0.295908	0.232424	0.358342
25-15	18.2	0.444	138.4991667	0.435649	0.121702	0.349488
25-16	32.4	0.415		0.450909	0.175065	0.252468
25-17	26.6	0.382		0.359052	0.094397	0.392241
25-18	27.7	0.338		0.401957	0.095108	0.390215
25-19	31.9	0.337		0.317104	0.109447	0.457761
25-2	29.7	0.369	64.989375	0.453773	0.143464	0.335282
25-20	27.8	0.369		0.265777	0.176881	0.436893
25-21	33	0.364		0.221192	0.132009	0.550552
25-22	18.4	0.391		0.428105	0.126225	0.347631
25-23	30.7	0.356		0.240355	0.114412	0.531707
25-24	28.7	0.337		0.273761	0.091743	0.531009
25-25	28.6	0.379		0.40113	0.133475	0.365819
25-26	28.9	0.388		0.390255	0.104281	0.355191
25-27	27.6	0.392		0.533806	0.07896	0.280378
25-28	29.1	0.37	78.820625	0.53644	0.109569	0.251363
25-29	22.2	0.383	104.6675			
25-3	27	0.325		0.412194	0.150599	0.371548
25-30	22	0.355	96.86214286	0.45901	0.110148	0.303359
25-31	23.5	0.384		0.662864	0.087849	0.13919
25-32	31.3	0.369	77.185	0.282353	0.139338	0.475368
25-34	28.8	0.366	102.3058333	0.29679	0.128074	0.446721
25-35	26.7	0.371	124.64	0.282277	0.107358	0.493753
25-36	31.3	0.393	95.76125	0.260631	0.119178	0.522418
25-38	28.5	0.389	87.5475	0.390734	0.20888	0.155212
25-4	29.3	0.344		0.304141	0.072982	0.546619
25-40	23	0.357	42.58	0.423232	0.148485	0.350505
25-41	31.2	0.407	101.644444			
25-42	26.8	0.361		0.360879	0.154663	0.297953
25-43	29.5	0.387	68.7933333	0.486548	0.121258	0.323986
25-44	26.7	0.373	78.81	0.367104	0.145201	0.421247
25-45	31.2	0.413		0.397297	0.133205	0.206564
25-5	26.4	0.369		0.328272	0.120752	0.456255
25-6	29.8	0.36		0.356347	0.105122	0.1951
25-7	32.3	0.36		0.285613	0.13141	0.469729
25-8	24.5	0.364		0.324723	0.178352	0.388684
25-9	28.9	0.353	71.06882353	0.632	0.106947	0.165474
26-10	21.5	0.356		0.282544	0.159987	0.488904
26-11	30.5	0.362		0.320117	0.154424	0.410267
26-12	33.5	0.381	85.25647059	0.4339	0.167012	0.33133
26-13	21.3	0.311	83.3775	0.369487	0.10261	0.438344
26-14	26.5	0.375		0.476828	0.110196	0.332647
26-15	30	0.363		0.436474	0.137386	0.36231
26-16	30	0.344		0.391071	0.135357	0.401429
26-18	28	0.334		0.420063	0.11024	0.384535
26-19	25.8	0.339		0.261954	0.139344	0.336749
26-2	31	0.347	66.022	0.391823	0.173339	0.133305
26-20	32	0.352		0.415452	0.148688	0.367711
26-21	25.7	0.312	67.41166667	0.474013	0.166506	0.27719
26-22	26.5	0.354				
26-23	31.2	0.351		0.306203	0.121759	0.507384
26-24	29.4	0.361		0.200063	0.121736	0.262976
26-25	30.1	0.379		0.200522	0.118151	0.427134
26-26	11.4					
26-27	29.2	0.358	54.95833333	0.198529	0.169608	0.510294
26-29	21	0.362	72.677	0.278678	0.148975	0.458244
26-3	27.8	0.384	86.08125	0.27568	0.131547	0.511165
26-30	30.7	0.387	78.761	0.582183	0.145628	0.166667
26-32	28.7	0.389		0.408107	0.196557	0.306496
26-33	23.5	0.342	50.06083333	0.424478	0.158209	0.318806
26-34	30	0.504	56.64	0.430284	0.15836	0.31041
26-35						
26-36	33	0.391	43.54333333	0.271062	0.1337	0.494505
26-39	31.2	0.38	80.10333333	0.452746	0.167244	0.290945
26-4	25.6	0.374		0.383388	0.143617	0.174714
26-40	31.1	0.366	72.6625	0.57134	0.161519	0.169858
26-41	21	0.361	37.30045455	0.202969	0.166183	0.512423
26-42	25.9	0.363	52.07888889	0.442155	0.169555	0.277752
26-43	28.3	0.402	111.5385714	0.339293	0.192198	0.358797
26-44						
26-45	28.5	0.393	74.71222222	0.366329	0.164069	0.356976
26-5	31	0.383		0.392039	0.106375	0.437126
26-6	24.6	0.419		0.374544	0.173709	0.385498
26-8	32.5	0.394		0.26594	0.166263	0.408394
26-9	26.2	0.361		0.421815	0.113417	0.239865
27-10	31.6	0.361		0.282545	0.171136	0.457338
27-11	24.6	0.392	61.0525	0.520284	0.168864	0.201318
27-12	24.7	0.363	46.3105556	0.411338	0.136402	0.335465
27-13	27.3	0.377		0.420298	0.152497	0.311902
27-14	29.1	0.366		0.44145	0.181774	0.268006
27-15	29	0.376		0.33401	0.172084	0.396982
27-16	25.3	0.382		0.556015	0.169078	0.165771
27-17	28.9	0.355		0.397674	0.17814	0.336744
27-18	27.2	0.391	81.2	0.281989	0.171419	0.450278
27-19	27.5	0.336	33.355	0.215736	0.192893	0.494078
27-2	32.5	0.358		0.46055	0.179205	0.255046
27-20	26.3	0.377		0.190855	0.428429	0.307157
27-21	26.8	0.373		0.499699	0.2059	0.243829
27-22	29.9	0.378		0.33322	0.354663	0.210007
27-23	28.5	0.345		0.451662	0.21853	0.283988
27-24	30.1	0.348				
27-25	28.7	0.354		0.462887	0.214927	0.279364
27-26	26.9	0.349		0.317188	0.156744	0.458459
27-27	21	0.344		0.327551	0.164395	0.434531
27-28	27.3	0.365	108.1016667	0.309544	0.190034	0.450169
27-3	27.1	0.307	50.10375	0.614612	0.198174	0.080365
27-30	29.7	0.36		0.434043	0.217021	0.290426
27-31	18	0.396	41.685625	0.333232	0.236027	0.380923
27-32	29.6	0.392	51.703	0.254696	0.180663	0.493094
27-33	22	0.382	93.69875	0.428405	0.189756	0.324796
27-34	29	0.41	50.905	0.381873	0.176117	0.386598
27-35	30.1	0.371	64.88714286	0.462372	0.206956	0.278221
27-36	24.8	0.37	42.56625	0.420945	0.205712	0.309419
27-37	21.4	0.373	65.67166667	0.41471	0.178404	0.35446
27-38	29.8	0.409	78.74125	0.42796	0.197337	0.30718
27-39	28	0.35	54.89583333	0.388741	0.171928	0.364397
27-4	25.8	0.354		0.511355	0.20293	0.18022
27-40	26.3	0.379	104.651	0.254615	0.156043	0.492511
27-42	33.6	0.371	86.76214286	0.414101	0.186884	0.31835
27-43	18.9	0.371	60.49583333	0.243081	0.198556	0.487365
27-44	30	0.371	48.81888889	0.482723	0.187435	0.274346
27-45	27.3	0.333	87.565	0.597911	0.234117	0.127937
27-5	28.9	0.331		0.239335	0.15872	0.506901
27-6	31.8	0.367	68.16333333	0.304611	0.153061	0.427438
27-7	30.8	0.382		0.404017	0.162225	0.335651
27-8	25.5	0.38	77.38	0.448924	0.156474	0.2904
27-9	25	0.403		0.401086	0.136078	0.341052
28-10	30.5	0.342		0.450836	0.222714	0.264995
28-11	31.4	0.368		0.361702	0.33316	0.236118
28-12	27.2	0.315		0.525773	0.211149	0.191676
28-13	31	0.359		0.476737	0.364955	0.138973
28-15	31.5	0.37		0.251799	0.25045	0.454586
28-16	33	0.353		0.529901	0.291212	0.174727
28-17	31.5	0.348		0.458364	0.256698	0.236785
28-18	32.2	0.345	55.58071429	0.469679	0.239001	0.235434
28-19	28.6	0.37		0.367754	0.21558	0.35942
28-2	30	0.379	63.241	0.588556	0.20436	0.144414
28-20	33	0.357		0.38099	0.211661	0.302316
28-21	30.6	0.374		0.200686	0.236364	0.527273
28-22	30	0.354	85.42916667	0.444596	0.228883	0.283833
28-23	30.6	0.342		0.366678	0.208593	0.374877
28-24	28.2	0.37		0.268496	0.216573	0.482109
28-25	28.9	0.362		0.544064	0.245084	0.168973
28-26	30.8	0.377		0.5147	0.185507	0.203313
28-27	25.7	0.362		0.661679	0.19202	0.082294
28-28	29.8	0.405		0.304823	0.178344	0.433424
28-29	28.8	0.399		0.649051	0.216125	0.075881
28-3	35.8	0.364	64.62571429	0.370919	0.174576	0.363953
28-32	27	0.371		0.251505	0.179596	0.494155
28-33	31	0.365	83.65			
28-35	29.4	0.367	84.80666667			
28-36	23.3	0.419		0.524884	0.255208	0.197917
28-37	27.2	0.336	72.29857143	0.36246	0.197466	0.382788
28-38	30.5	0.373	82.38583333	0.363344	0.221329	0.383173
28-39	28.6	0.366				
28-4	27.6	0.353	63.6765	0.231519	0.152149	0.538968
28-40	29.6	0.379		0.309301	0.206201	0.421741
28-41	26.1	0.365		0.466784	0.227513	0.281599
28-42	26.2	0.355	55.33214286	0.434885	0.215085	0.291691
28-44	20.2	0.353	46.33	0.35087	0.197389	0.39557
28-45	29	0.374	127.27375	0.371388	0.207932	0.368555
28-5	32.8	0.359				
28-7	30.2	0.347		0.303202	0.14225	0.478322
28-8	34.1	0.401	52.0466667	0.308502	0.154656	0.467611
28-9	30	0.351				
29-11	30.7	0.319		0.535381	0.187435	0.202623
29-12	26.4	0.392		0.438462	0.222222	0.271795
29-13	29.4	0.35		0.273162	0.225344	0.438733
29-14	28.6	0.379		0.524602	0.208287	0.200518
29-15	25.4	0.369		0.465487	0.248496	0.228673
29-16	28	0.345	48.95	0.43447	0.308199	0.202274
29-17	28.1	0.344	92.30666667	0.567385	0.250674	0.121968
29-18	26.4	0.399		0.409032	0.277898	0.305254
29-19	27.5	0.335	63.63916667	0.541949	0.211864	0.190254
29-20	26.5	0.355		0.456633	0.210204	0.266837
29-21	30.9	0.405	68.43833333	0.366585	0.222113	0.37887
29-22	25.3	0.435		0.413333	0.209655	0.301149
29-23	29	0.356	69.86071429	0.283045	0.202679	0.455763
29-24	35.6	0.349		0.459443	0.199571	0.278543
29-25	26.6	0.427		0.215881	0.2134	0.519107
29-26	26.7	0.387		0.255376	0.18894	0.490015
29-27	23.1	0.344		0.462831	0.233707	0.260692
29-28	26.8	0.376		0.222826	0.241395	0.493659
29-29	21.4	0.412		0.398832	0.201275	0.345194
29-3	29.5	0.313		0.313789	0.22367	0.39848
29-30	26.5	0.377		0.415593	0.187797	0.334576
29-33	23.2	0.348	43.21954545	0.497549	0.188725	0.23315
29-35	31.7	0.396	52.90571429	0.36453	0.198711	0.362835
29-38	26.2	0.409		0.295077	0.168861	0.465369
29-39	26.6	0.394		0.363981	0.157713	0.393251
29-40	29.6	0.394	78.25142857	0.491384	0.216231	0.22846
29-41	21.8	0.399		0.268499	0.17167	0.354545
29-42	29.8	0.398	63.1725	0.328586	0.209054	0.371312
29-43	26.2	0.396	84.4	0.531371	0.172404	0.179067
29-45	29.6	0.38	68.806	0.661081	0.19823	0.07809
29-5	34.3	0.367	64.215	0.411845	0.257859	0.28656
29-7	31.6	0.378		0.475622	0.248756	0.234826
29-8	29.2	0.389		0.398738	0.202524	0.327445
29-9	26.6	0.38		0.417641	0.22289	0.24755
3-10	25.9	0.35	63.36666667	0.531357	0.152794	0.229571
3-11	25.9	0.373		0.411308	0.1602	0.354767
3-12	26	0.367		0.390853	0.173032	0.358793
3-13	28.1	0.356		0.373583	0.157803	0.374019
3-14	25.3	0.349	50.70066667	0.348248	0.16496	0.404852
3-15	24.8	0.366		0.456124	0.140779	0.325199
3-16	25.7	0.352		0.376736	0.166667	0.366319
3-17	27	0.338	66.35333333	0.403526	0.214985	0.298727
3-18	32.6	0.349		0.473165	0.16046	0.289704
3-19	27.8	0.349		0.537485	0.130593	0.237001
3-2	30	0.328	61.87043478	0.39881	0.164021	0.334987
3-20	34.8	0.363	89.6	0.416306	0.201659	0.286436
3-21						
3-22	28.3	0.326		0.453744	0.200685	0.277533
3-25						
3-26	31.6	0.354	101.0325	0.520489	0.187768	0.209786
3-27	31.4	0.327		0.435643	0.23504	0.254016
3-28	27	0.353		0.520112	0.198324	0.218436
3-29	23	0.371	82.041	0.495165	0.194198	0.230459
3-3	30	0.373	65.024375	0.278533	0.146399	0.477921
3-30	25.8	0.373	60.83	0.44173	0.194233	0.289948
3-31	25.6	0.335	91.46642857	0.475367	0.175052	0.251572
3-32	25	0.355		0.546838	0.203747	0.172521
3-33	23	0.38		0.608453	0.189661	0.128886
3-34	30.4	0.352	87.23695652	0.481171	0.167877	0.154038
3-35	24.7	0.328	100.706	0.572753	0.196478	0.16126
3-36	25.3	0.385	54.38928571	0.545699	0.178763	0.207885
3-37	26.9	0.356	93.220625	0.420382	0.191614	0.311571
3-38	24.4	0.379	87.798	0.555673	0.187169	0.187699
3-39	25.8	0.375	80.2925	0.403431	0.212834	0.325286
3-4	28.6	0.336		0.544241	0.162471	0.194127
3-40	21.4	0.388	93.2133333	0.529464	0.19613	0.212841
3-41	24.6	0.39	112.1385714	0.375814	0.17907	0.38
3-42	23.9	0.38	81.85	0.444581	0.198276	0.296798
3-43	25.7	0.368	80.91533333	0.517887	0.190889	0.213248
3-44	21.1	0.371	48.77071429	0.459854	0.201393	0.271068
3-45	23.4	0.31	68.8	0.564997	0.201463	0.162915
3-5	27.3	0.341	64.885	0.480841	0.156366	0.271323
3-6	33	0.355	80.60333333	0.460115	0.158264	0.306318
3-7	32	0.338	81.5825	0.43262	0.144836	0.353275
3-8	31.9	0.352	85.88230769	0.382916	0.162985	0.365734
3-9	31.7	0.35	88.94222222	0.427594	0.163056	0.328772
30-10	29.8	0.394	90.914	0.216704	0.156493	0.545782
30-11	24.3	0.357	118.924	0.402823	0.175172	0.332971
30-12	31.6	0.358		0.521935	0.248594	0.217098
30-13	28.6	0.372		0.414617	0.172497	0.332179
30-14	30	0.334		0.413967	0.181625	0.322889
30-15	33.2	0.337	66.756	0.452038	0.194644	0.284173
30-16	26.2	0.334		0.21748	0.186495	0.536977
30-17	27.8	0.376		0.382069	0.160026	0.363111
30-18	30.3	0.377		0.36746	0.168649	0.384027
30-19	25.5	0.368		0.208008	0.1736	0.547701
30-2	30.2	0.394	56.993125	0.337979	0.188153	0.406421
30-20	31.7	0.338		0.329707	0.183976	0.430926
30-22	29.8	0.34		0.298779	0.183902	0.456018
30-23	28.7	0.362		0.353267	0.163898	0.400886
30-24	25.3	0.298		0.344767	0.166279	0.413081
30-25	22.9	0.385		0.577258	0.181568	0.105456
30-26	34.4	0.375	68.659	0.410036	0.185663	0.345161
30-27	22.9	0.381		0.252183	0.159972	0.504715
30-28	33.3	0.34	79.17416667	0.22178	0.188579	0.531651
30-29	24.4	0.392		0.247722	0.124715	0.46754
30-30	27	0.35	99.533	0.415135	0.165045	0.241441
30-31	30.7	0.372	56.235	0.253089	0.186851	0.357884
30-34	28.4	0.364	114.35	0.227913	0.198464	0.341869
30-35	27.7	0.35		0.318224	0.138318	0.417523
30-37	24.5	0.295	117.908	0.24396	0.169505	0.477228
30-4	29	0.353	75.788125	0.514758	0.232959	0.107519
30-41	29.7	0.331	66.478	0.367758	0.200252	0.304786
30-42	14.2	0.366				
30-43	29.5	0.383		0.522142	0.121981	0.113527
30-44	26.4	0.344	53.275	0.495823	0.142506	0.260934
30-45	28.8	0.359		0.373217	0.156291	0.250649
30-5	29.7	0.362		0.224121	0.192519	0.51048
30-6	32.2	0.326		0.488615	0.155281	0.25933
30-7	13.5	0.336		0.528213	0.236677	0.208464
30-9	19.9	0.369	88.95	0.46919	0.21831	0.279049
4-1	33.6	0.352	88.49090909	0.442531	0.196728	0.290573
4-10	29.5	0.313	71.26375	0.347674	0.215116	0.294767
4-11	29.8	0.32	71.90071429	0.396939	0.219512	0.248685
4-12	29.5	0.315		0.45082	0.192623	0.226093
4-13	25.8	0.344	88.76285714	0.527956	0.194317	0.151696
4-14	27.7	0.357	72.65944444	0.430749	0.205575	0.227352
4-15	25.9	0.336		0.455289	0.198263	0.20746
4-16	28.8	0.355	85.70333333	0.37139	0.179987	0.326394
4-17	23.1	0.347	64.600625	0.468143	0.206959	0.194306
4-18	29.7	0.35		0.392331	0.214995	0.23759
4-19	32.9	0.379		0.526577	0.207154	0.123696
4-2	28.6	0.343	63.8	0.545043	0.200151	0.188089
4-21	26.3	0.358		0.512277	0.209263	0.148996
4-22	24.5	0.352		0.39916	0.204482	0.319328
4-23	30.9	0.371	111.5206667	0.211357	0.212188	0.424377
4-24	27.8	0.382	99.12666667	0.514964	0.198142	0.160475
4-25	23.7	0.327	80.89875	0.498975	0.193932	0.177122
4-27	24.9	0.373		0.368579	0.1976	0.305587
4-28	30.5	0.353	90.23764706	0.470552	0.204908	0.208589
4-29	24.7	0.374	84.35	0.417683	0.192073	0.282927
4-3	27.4	0.363	66.36806452	0.504705	0.184346	0.244226
4-30	68	26.8	0.36	94.75571429		
4-31	27.4	0.368	81.17	0.382117	0.193589	0.293547
4-32	25.1	0.389	101.62	0.495327	0.192924	0.182243
4-33	23.4	0.39	78.74833333	0.41582	0.191876	0.261892
4-34	23.3	0.381	77.40958333	0.418127	0.206647	0.250151
4-35	30	0.355	101.675	0.261403	0.195659	0.405788
4-36	26.9	0.381	72.864	0.403157	0.204852	0.266846
4-37	25.4	0.379	91.284	0.286748	0.207159	0.376238
4-39	32	0.365		0.482164	0.220571	0.180737
4-4	28.8	0.355	69.0325	0.391245	0.246841	0.333032
4-40	23.3	0.41	67.51428571	0.489788	0.179816	0.197437
4-41	23	0.369	95.101	0.515867	0.211554	0.155411
4-43	21.3	0.36	86.94125	0.537756	0.224065	0.102682
4-44	28.5	0.374	91.30318182	0.502026	0.242655	0.138298
4-45						
4-5	32.3	0.356	91.51125	0.505042	0.155633	0.245945
4-6	29.6	0.333		0.521739	0.193478	0.213043
4-7	33.3	0.346	74.70653846	0.323985	0.199262	0.387085
4-8	31	0.357		0.37963	0.201132	0.294239
4-9	26.3	0.329	75.13875	0.556883	0.217495	0.096558
5-10	29	0.362		0.380736	0.213539	0.280327
5-11	29	0.372	118.970625	0.425504	0.223813	0.236174
5-12	27.8	0.389	115.8645833	0.531053	0.232105	0.125789
5-13	28.4	0.368	96.41	0.506383	0.193921	0.178116
5-14	29.8	0.366	93.48875	0.475133	0.210875	0.186008
5-15	28	0.334	97.7075	0.372468	0.192242	0.293855
5-16	25.3	0.343	72.27208333	0.502092	0.225941	0.144351
5-17	31.3	0.343	89.62277778	0.460145	0.208169	0.187088
5-18	30.4	0.335		0.410721	0.215896	0.209242
5-19	28.6	0.339		0.533074	0.22846	0.111173
5-2	28.5	0.362	103.745	0.629254	0.220854	0.04924
5-20	28	0.359		0.546742	0.23135	0.097734
5-21	29.4	0.36	80.881	0.356669	0.214075	0.297347
5-23	33.6	0.355	118.3483333	0.380322	0.24721	0.261678
5-24	24.4	0.347	137.667	0.462938	0.222372	0.191712
5-25	12.3	0.357	79.243	0.44	0.225915	0.230423
5-26	29.9	0.337	82.66291667	0.47856	0.223966	0.178407
5-27	24	0.341	79.765	0.477	0.207333	0.174667
5-28	26.3	0.367	64.67375	0.399789	0.232595	0.256857
5-29	26.1	0.392	69.20722222	0.437023	0.19895	0.217557
5-3	28.3	0.351		0.542534	0.217728	0.123141
5-30	27.4	0.358	142.9075	0.345095	0.237121	0.277347
5-31	26.6	0.377	50.46928571	0.417548	0.227967	0.206424
5-32	28.8	0.379	87.011	0.349632	0.246149	0.259545
5-33	22.3	0.389	108.4714286	0.497492	0.215719	0.135452
5-34	31.5	0.328	92.8864	0.541429	0.203571	0.07
5-35	22.5	0.394	100.2495455	0.539354	0.209196	0.092378
5-36	29.9	0.374	91.485	0.390857	0.269143	0.233143
5-37	23	0.385	66.03785714	0.380835	0.221744	0.237101
5-38	32.6	0.355	111.3458333	0.420021	0.22291	0.201238
5-4	28.1	0.379	87.57863636	0.512326	0.234191	0.148982
5-40	26.7	0.384	85.5	0.391823	0.228279	0.21678
5-42	26.5	0.362	111.904375	0.460227	0.21733	0.152462
5-43	24.8	0.348	114.541875	0.46477	0.216125	0.180217
5-44	28.6	0.394	130.288	0.541728	0.196049	0.106667
5-45	20.4	0.321	75.01333333	0.568474	0.210478	0.068934
5-5	28.5	0.355		0.454124	0.213624	0.202502
5-6	29.6	0.366	82.00233333	0.501318	0.220348	0.147601
5-7	30.1	0.378		0.459159	0.231029	0.172064
5-8	29.6	0.338	74.54352941	0.452718	0.203289	0.211512
5-9	30	0.341		0.448222	0.230406	0.180674
6-10	28.3	0.369	90.64357143	0.399684	0.223802	0.222222
6-11	29.4	0.359		0.383418	0.206372	0.245836
6-12	31.6	0.385		0.34231	0.187468	0.313827
6-13	30.8	0.371	99.17777778	0.215385	0.222378	0.422378
6-14	26.7	0.343	96.343	0.272407	0.202625	0.371959
6-15	27	0.329	99.1347619	0.518877	0.236205	0.095837
6-16	25.7	0.34		0.423202	0.224887	0.210629
6-17	26.4	0.345		0.387283	0.219075	0.252023
6-18	31.8	0.332		0.376062	0.214629	0.251201
6-19	24	0.371		0.466446	0.217391	0.149338
6-2	37.5	0.327	84.29	0.382131	0.209312	0.252517
6-20	29.3	0.363	56.94666667	0.489459	0.217664	0.14245
6-21	29.2	0.36		0.3356	0.217244	0.296354
6-22	24.3	0.352	137.9707692	0.497297	0.201247	0.15052
6-23	28.1	0.364		0.375204	0.181892	0.307504
6-24	33	0.377	112.189375	0.443427	0.210912	0.188576
6-25	31.4	0.36	122.785	0.377277	0.229835	0.253686
6-26	29.5	0.366		0.447416	0.216682	0.19583
6-28	30.8	0.377	119.321875	0.35811	0.227618	0.27552
6-29	23.1	0.397	125.37125	0.348703	0.229267	0.285303
6-3	24.8	0.32	83.187	0.42598	0.22451	0.205882
6-30	25.5	0.408	90.06388889	0.398156	0.207638	0.254609
6-31	27.3	0.383	148.799	0.419474	0.226119	0.203969
6-32	23.7	0.362		0.387597	0.202658	0.254153
6-33	26.6	0.374	82.14571429	0.46702	0.224971	0.159894
6-34	30.3	0.38		0.302689	0.200925	0.329864
6-36	27.7	0.392	111.2928125	0.41485	0.212875	0.217643
6-37	26.4	0.395	154.89	0.46082	0.218474	0.169694
6-4	28.2	0.364	82.63322581	0.462185	0.213544	0.174493
6-40	26.9	0.394	159.6983333	0.376909	0.218622	0.253631
6-41	28.3	0.384	87.20538462	0.528825	0.218899	0.114868
6-42	26.6	0.387	116.3272727	0.507774	0.201456	0.130996
6-43	23.5	0.37	116.6157143	0.507187	0.210678	0.149076
6-44	25.1	0.373	132.9983333	0.221372	0.200857	0.416412
6-45	25.4	0.344	92.650625	0.538793	0.220307	0.078065
6-5	29.5	0.373	66.255	0.386397	0.209358	0.248432
6-6	30.5	0.322		0.363696	0.20396	0.276238
6-7	28.1	0.354	146.68	0.520642	0.214286	0.113041
6-8	28.2	0.362	87.488	0.424666	0.228862	0.19199
6-9	24.3	0.35	89.41833333	0.5198	0.210742	0.120619
7-10	28.3	0.316				
7-11	30.1	0.311				
7-12	26.4	0.287				
7-13	30.3	0.305				
7-14	31.9	0.332				
7-15	27.6	0.348				
7-16	30.1	0.379				
7-17	27.7	0.335	71.212			
7-18	32.9	0.344				
7-19	25.8	0.374				
7-2	34.3	0.383	62.42833333	0.250363	0.199927	0.391509
7-20	20.8	0.427				
7-21	28.7	0.358				
7-22	27.9	0.438				
7-23	29.8	0.364				
7-24	24.7	0.35	99.02833333			
7-25	28.6	0.372				
7-26	3.1					
7-27	30.9	0.376				
7-28	33	0.394	116.764			
7-3	30	0.37	49.46777778	0.446911	0.210362	0.191859
7-31	33.5	0.367	66.1033333			
7-33	31	0.351				
7-35	30.5	0.362				
7-36	25	0.357	101.1491667			
7-37	26.9	0.399				
7-38	32.8	0.404	71.678			
7-4	31.8	0.331	91.636	0.246211	0.208151	0.401145
7-40	20.1	0.352	109.655			
7-41	28.2	0.369	103.5333333			
7-42	29.9	0.388	119.375625			
7-44	25.3	0.348	82.4925			
7-5	31.5	0.393	44.2841667	0.455441	0.204494	0.18051
7-6	30.4	0.381		0.456311	0.183657	0.231392
7-7	29.2	0.369	73.85545455			
7-9	32.3	0.398	82.92666667			
8-0						
8-10	26.7	0.339				
8-11	26.5	0.352				
8-12	28.4	0.343				
8-13	25.6	0.333				
8-14	32	0.379				
8-15	30.3	0.365	87.49916667			
8-16	30.3	0.349	95.07285714			
8-17	28.4	0.367	93.09933333			
8-18	28.5	0.355	69.25875			
8-19	31.5	0.356	53.20545455			
8-2	27.1	0.338	85.21277778			
8-20	25	0.403	72.7025			
8-21	25.2	0.315	95.66785714			
8-22	25.6	0.369				
8-23	30.2	0.344	76.78545455			
8-24	19	0.347	118.395			
8-25	27.5	0.4	86.34			
8-27	33.1	0.388	103.4183333			
8-29	34.3	0.338				
8-3	28	0.331				
8-31	30.2	0.366	94.70014286			
8-32	25.5	0.379	91.20916667			
8-33	25.2	0.391	87.6575	0.509565	0.201159	0.129275
8-34	25.1	0.361	126.985	0.418535	0.187593	0.259342
8-35	22	0.334	67.51875	0.429794	0.217916	0.199295
8-36	26.9	0.382	89.70083333	0.483016	0.205163	0.179348
8-37	18	0.419	81.7125	0.506203	0.236044	0.111647
8-38	26.8	0.375	118.5827273	0.455752	0.20354	0.189528
8-39	24	0.384	71.39230769	0.440857	0.219769	0.185502
8-4	27.3	0.332	76.74214286			
8-40	26	0.381	82.034375	0.517663	0.21875	0.132473
8-41	26.6	0.386	79.4791667	0.417546	0.21908	0.207574
8-42	27.5	0.38	91.02272727	0.390954	0.212718	0.258397
8-43	25	0.34	66.5225	0.534226	0.21912	0.091013
8-44	28.1	0.401	45.86	0.301712	0.202785	0.338845
8-45	26.7	0.385	106.936	0.25435	0.187128	0.391657
8-5	27.6	0.318	67.59			
8-6	30.4	0.391				
8-7	28	0.347				
8-8	31.1	0.378				
8-9	27.7	0.337				
9-11	32.3	0.359	73.066875	0.530981	0.195783	0.131239
9-12	29	0.382	65.04769231	0.283667	0.209032	0.356409
9-13	30.7	0.361	128.628	0.471613	0.188387	0.189032
9-14	26.7	0.366	72.60666667	0.314698	0.199367	0.331927
9-15	30.5	0.36	107.67	0.47763	0.213893	0.119702
9-16	17.1	0.341		0.454929	0.194518	0.194518
9-17	31.9	0.381	94.023125	0.449633	0.217466	0.187203
9-18	31.6	0.351	88.17166667	0.367241	0.203918	0.276847
9-2	29.2	0.367		0.356305	0.198925	0.296676
9-21	31	0.381		0.414031	0.182076	0.242498
9-22	29.3	0.365	113.2488462	0.396701	0.20978	0.230324
9-23	28.4	0.372		0.464602	0.198009	0.212942
9-24	31.5	0.382	82.546	0.419151	0.206594	0.224483
9-26	28.7	0.369	127	0.385737	0.207704	0.280062
9-27	32.2	0.378	157.5214286	0.381781	0.213475	0.251829
9-28	24.5	0.366	98.6865	0.533724	0.197947	0.147116
9-29	22.7	0.419	99.12666667	0.434199	0.212675	0.205253
9-3	30.1	0.362		0.346634	0.227273	0.075295
9-31	33.4	0.371	101.8678571	0.478374	0.231545	0.158699
9-32	25.7	0.389	73.14	0.341641	0.214261	0.292143
9-33	20.6	0.37	112.345	0.412509	0.201042	0.260611
9-34	24.5	0.415	84.59533333	0.433371	0.222473	0.198193
9-35	26.9	0.377	98.17590909	0.552231	0.212073	0.093963
9-37	30.9	0.476	113.5973077	0.449673	0.227227	0.168848
9-38	18.4	0.427	134.7842857	0.184008	0.206166	0.477842
9-39	30.3	0.366	79.70535714	0.368547	0.215846	0.258824
9-4	29	0.354		0.382327	0.200404	0.256136
9-40	26.3	0.357	107.3640909	0.515789	0.215539	0.142356
9-43	25.2	0.327	103.1363158	0.212594	0.225374	0.381858
9-44	21.7	0.365	56.84153846	0.542419	0.215704	0.104693
9-5	27	0.353		0.412722	0.2	0.236686
9-6	29.3	0.34	91.85833333	0.304581	0.184117	0.34652
9-7	33.5	0.326	94.70014286	0.490492	0.19016	0.166315
9-9	32.6	0.347	111.2928125	0.445794	0.204229	0.209177
